row[2] = row[2] - row[1] * (11.0)
      1.0000|      1.0000|     19.0000|      1.0000|      0.0000|      0.0000|     13.0000|
      0.0000|      8.0000|   -208.0000|    -11.0000|      1.0000|      0.0000|   -132.0000|
     19.0000|      1.0000|      1.0000|      0.0000|      0.0000|      1.0000|      2.0000|

row[3] = row[3] - row[1] * (19.0)
      1.0000|      1.0000|     19.0000|      1.0000|      0.0000|      0.0000|     13.0000|
      0.0000|      8.0000|   -208.0000|    -11.0000|      1.0000|      0.0000|   -132.0000|
      0.0000|    -18.0000|   -360.0000|    -19.0000|      0.0000|      1.0000|   -245.0000|

Divide 2-th row with 8.0
      1.0000|      1.0000|     19.0000|      1.0000|      0.0000|      0.0000|     13.0000|
      0.0000|      1.0000|    -26.0000|     -1.3750|      0.1250|      0.0000|    -16.5000|
      0.0000|    -18.0000|   -360.0000|    -19.0000|      0.0000|      1.0000|   -245.0000|

row[3] = row[3] - row[2] * (-18.0)
      1.0000|      1.0000|     19.0000|      1.0000|      0.0000|      0.0000|     13.0000|
      0.0000|      1.0000|    -26.0000|     -1.3750|      0.1250|      0.0000|    -16.5000|
      0.0000|      0.0000|   -828.0000|    -43.7500|      2.2500|      1.0000|   -542.0000|

Divide 3-th row with -828.0
      1.0000|      1.0000|     19.0000|      1.0000|      0.0000|      0.0000|     13.0000|
      0.0000|      1.0000|    -26.0000|     -1.3750|      0.1250|      0.0000|    -16.5000|
     -0.0000|     -0.0000|      1.0000|      0.0528|     -0.0027|     -0.0012|      0.6546|

row[2] = row[2] - row[3] * (-26.0)
      1.0000|      1.0000|     19.0000|      1.0000|      0.0000|      0.0000|     13.0000|
      0.0000|      1.0000|      0.0000|     -0.0012|      0.0543|     -0.0314|      0.5193|
     -0.0000|     -0.0000|      1.0000|      0.0528|     -0.0027|     -0.0012|      0.6546|

row[1] = row[1] - row[3] * (19.0)
      1.0000|      1.0000|      0.0000|     -0.0039|      0.0516|      0.0229|      0.5628|
      0.0000|      1.0000|      0.0000|     -0.0012|      0.0543|     -0.0314|      0.5193|
     -0.0000|     -0.0000|      1.0000|      0.0528|     -0.0027|     -0.0012|      0.6546|

row[1] = row[1] - row[2] * (1.0)
      1.0000|      0.0000|      0.0000|     -0.0027|     -0.0027|      0.0543|      0.0435|
      0.0000|      1.0000|      0.0000|     -0.0012|      0.0543|     -0.0314|      0.5193|
     -0.0000|     -0.0000|      1.0000|      0.0528|     -0.0027|     -0.0012|      0.6546|

Рерультат:
[0.04347826086956452, 0.5193236714975846, 0.6545893719806763]
Обратная матрица
     -0.0027|     -0.0027|      0.0543|
     -0.0012|      0.0543|     -0.0314|
      0.0528|     -0.0027|     -0.0012|

