  k|             x1|             x2|             x3|     eigenvalue|      Precision|
  0|         1.0000|         1.0000|         1.0000|            ---|            ---|

  1|        21.0000|        31.0000|        21.0000|        24.3333|            ---|

  2|       451.0000|       841.0000|       451.0000|        23.3605|         0.9729|

  3|      9861.0000|     21391.0000|      9861.0000|        23.0549|         0.3056|

  4|    218611.0000|    524761.0000|    218611.0000|        22.9568|         0.0981|

  5|   4896981.0000|  12593791.0000|   4896981.0000|        22.9333|         0.0235|

  6| 110533411.0000| 298045801.0000| 110533411.0000|        22.9365|         0.0032|
EigenValue=22.93652755078972
Eigenvector: 
[[0.37086049]
 [1.        ]
 [0.37086049]]