norma = 0.8797972549835237 < 1 
    k|        x0|        x1|        x2|        x3|        e0|        e1|        e2|        e3|
    0|    0.0000|    0.0000|    0.0000|    0.0000|       ---|       ---|       ---|       ---|
    1|   -7.9167|    1.3333|    6.4583|    1.1333|    7.9167|    1.3333|    6.4583|    1.1333|
    2|   -6.6403|    2.2852|    6.6340|   -0.7889|    1.2764|    0.9519|    0.1757|    1.9222|
    3|   -6.0130|    2.2478|    6.9177|   -1.1080|    0.6273|    0.0373|    0.2837|    0.3191|
    4|   -5.9234|    2.0466|    6.9698|   -1.0890|    0.0896|    0.2012|    0.0521|    0.0189|
    5|   -5.9766|    2.0010|    7.0102|   -1.0095|    0.0532|    0.0456|    0.0404|    0.0795|
    6|   -5.9964|    1.9920|    7.0004|   -1.0002|    0.0198|    0.0089|    0.0099|    0.0093|
    7|   -6.0022|    1.9988|    7.0019|   -0.9966|    0.0058|    0.0067|    0.0016|    0.0036|
Skip iteration with precision 0.006728266394752325
[[-6.00222899]
 [ 1.99877108]
 [ 7.00194545]
 [-0.99662717]]